Gene	expression1	expression2	expression3	expression4	expression5	expression6	expression7	expression8	expression9	expression10
Gene1	-0.8815657340999999	-0.1613539787	0.9311802088000001	2.842019844	-0.1517337265	-0.27107170950000004	0.1733236781	-1.2555128142000003	-1.183211055	-0.8589609883
Gene2	-0.0688080322	0.3671432884	-0.48757655499999997	0.8921379557999998	-0.0570292672	0.1458128743	-0.7710567054999999	-0.6239493322	0.3777357346	-0.3685417997
Gene3	1.5340120679	-0.7087745082000001	-0.7710567054999999	0.1315134471	-0.5104647237	0.2839684284	-0.0191068131	-0.9746356465	0.9875496612000001	0.1067470206
Gene4	-0.32332196700000004	-0.1399555779	-1.0709402515	1.1261807587	-1.6653492587999998	-0.48757655499999997	-0.438408366	0.7132887362	-0.3468679732	-0.1517337265
Gene5	0.9605254787999999	-0.2178534078	-0.6546869094	-0.09812046300000002	-0.9344936887999999	-0.4086456377	-0.6723925309000001	-0.6948896468	-1.0709402515	0.46505782789999994
Gene6	-0.3685417997	2.0033469695	0.7897896433	-0.4086456377	1.6902082559	-0.9640388245	-0.9640388245	1.0964993025000003	0.7132887362	-0.8815657340999999
Gene7	-0.42652070870000003	1.7805638592999997	-1.3834158138000001	-2.8666057002	-0.6948896468	1.4377491734999999	1.3782112803	0.3926761794	-1.3133808817000001	1.1962187749
Gene8	-0.0010552394000000005	0.3152932578	-0.8815657340999999	-1.286091091	0.46505782789999994	0.3036528041	-0.0688080322	-0.0450606625	2.2106958456999997	-0.10987372440000001
Gene9	-1.0856666271	0.9102291612999999	1.1125642499999997	-0.9344936887999999	0.7897896433	0.1733236781	0.0883853566	1.2217036278	-1.4614540651999999	-0.9080866494000001
Gene10	0.6383010213	0.4398371968	-2.3724043462	0.3152932578	1.1125642499999997	0.8620021909	0.4398371968	-0.7413288372	0.1546625965	-1.1122148661
Gene11	-1.9539591134000003	-1.183211055	0.2906908541	-0.6546869094	0.6383010213	0.3777357346	1.2495170562	0.8620021909	-0.8943584472999999	-0.7413288372
Gene12	-0.1517337265	-0.9496042548999999	-0.7333163046	-1.0177201952000001	0.9432581012	-0.2178534078	0.1315134471	0.5450485572999999	-1.4964450207	0.9875496612000001
Gene13	0.2018386142	-0.9640388245	0.7712866347	-0.2178534078	0.0745532205	-1.0177201952000001	2.2106958456999997	-0.25829766719999997	-0.3826839491	0.9102291612999999
Gene14	-1.3834158138000001	0.5450485572999999	0.6652957628	0.4496326389	-0.9496042548999999	-0.6948896468	-0.8589609883	1.0195876846999998	1.1962187749	-0.438408366
Gene15	-0.9859806315	0.1315134471	0.9677332158	0.7897896433	2.1067011052	-1.6149099918	0.42289465800000003	0.47741563440000007	1.7805638592999997	0.27812145819999995
Gene16	0.1733236781	-1.5557704991999999	0.1067470206	-0.8815657340999999	-0.0450606625	-1.1395241934000002	0.8620021909	-0.7333163046	-0.438408366	-0.5757671752
Gene17	0.7712866347	-0.5630137708	0.27812145819999995	0.2018386142	0.3777357346	-1.6653492587999998	1.5340120679	-0.8589609883	2.4430418931999998	0.6652957628
Gene18	-0.0450606625	0.1458128743	0.4496326389	-0.5171945561	-2.0569260766000004	0.0462202808	0.6099747074999999	-0.8101197374	-1.9539591134000003	2.4430418931999998
Gene19	-0.3468679732	1.3020559622999999	0.9432581012	-1.0856666271	0.2839684284	0.9311802088000001	0.5739080883000001	-0.5104647237	2.3084857996	-1.0503944266
Gene20	0.11677671749999999	-0.1880234756	1.1962187749	-0.3573436903	1.1261807587	1.3020559622999999	-0.03459587580000001	-1.5190624614000003	0.8136876295000001	0.1458128743
Gene21	-0.5171945561	0.6782249885	-0.10987372440000001	0.3275469765	0.6218068479999999	-1.32877191	-0.25829766719999997	0.0614810596	0.3583657125	-0.2937263798
Gene22	0.8620021909	-0.6948896468	-0.0010552394000000005	0.40899799560000005	-1.1122148661	-1.0709402515	-0.4751579167	-0.3573436903	-0.6377202754	-1.1563337888
Gene23	-1.4614540651999999	-0.2937263798	-0.25829766719999997	-0.25829766719999997	0.8399738081999999	-2.1395942095	-0.4086456377	-0.2244735029	-0.2178534078	0.9605254787999999
Gene24	-0.5431039956	-0.3573436903	1.1261807587	-0.6239493322	0.47741563440000007	-0.9080866494000001	-0.3468679732	-1.1122148661	2.842019844	0.21874193309999995
Gene25	-0.3826839491	-0.3685417997	-0.1613539787	1.3782112803	0.7712866347	0.25113891769999996	-0.39428348429999993	-0.10987372440000001	-0.9496042548999999	0.8136876295000001
Gene26	-1.3575508017	-0.5016380143999999	-0.9344936887999999	0.6782249885	-0.0010552394000000005	-0.42652070870000003	-0.7413288372	0.25113891769999996	0.8620021909	-0.7333163046
Gene27	2.0033469695	2.4430418931999998	1.6902082559	-0.7235754903	0.4398371968	1.4002955649	1.1676822436000003	-1.3575508017	-0.1517337265	0.5450485572999999
Gene28	0.27062259860000004	0.2906908541	0.032620852699999994	-0.8101197374	-0.7333163046	-0.6546869094	0.3671432884	-0.2937263798	1.1676822436000003	2.0033469695
Gene29	0.1857548513	-1.32877191	0.8620021909	-0.48757655499999997	-0.9197020813	0.21874193309999995	-1.1395241934000002	1.1125642499999997	-0.5104647237	0.5739080883000001
Gene30	0.5739080883000001	-0.6723925309000001	-0.2244735029	-0.6723925309000001	-1.286091091	0.11677671749999999	0.21874193309999995	-0.03459587580000001	1.2495170562	0.3435150096
Gene31	-0.0570292672	-0.3468679732	0.1458128743	-0.10987372440000001	0.2119005871	-0.5757671752	-0.8943584472999999	0.4398371968	-0.8368560337	0.5622361929
Gene32	-0.7710567054999999	-0.304670655	0.0745532205	0.0462202808	0.40899799560000005	-0.8101197374	-0.28343244520000005	-1.3133808817000001	1.5340120679	-0.6723925309000001
Gene33	-0.27107170950000004	2.842019844	-0.438408366	-0.304670655	-1.0177201952000001	-0.0570292672	-1.7146887881999997	0.27062259860000004	0.6652957628	0.5050844134999999
Gene34	0.0745532205	-0.6377202754	1.6385435912	-0.45343439100000005	2.4430418931999998	-0.03459587580000001	0.5844302929999999	0.8399738081999999	0.9605254787999999	0.42289465800000003
Gene35	-1.0503944266	-1.5190624614000003	1.3782112803	0.2839684284	-0.1786283039	1.3493438808	-0.7939864834000001	-0.1517337265	-1.0177201952000001	0.6782249885
Gene36	-1.0709402515	0.8921379557999998	-0.5270305411	0.6652957628	-0.1880234756	-0.0090673151	-0.1880234756	0.1857548513	0.21874193309999995	0.032620852699999994
Gene37	-0.1254261737	1.8800857009	-1.4614540651999999	-0.7792911929999999	0.7003052564	-0.7413288372	-0.32332196700000004	0.4954991313	0.5333286183999999	-0.7235754903
Gene38	-1.1122148661	-0.7235754903	-0.1399555779	-0.6377202754	0.2018386142	0.5622361929	0.7379728061999999	-0.7235754903	-0.1399555779	-0.2244735029
Gene39	-1.0177201952000001	-1.3133808817000001	-0.9496042548999999	-0.32332196700000004	0.1067470206	0.9432581012	-0.5171945561	1.0688179497	-0.3573436903	1.2725658486
Gene40	-0.6546869094	0.0462202808	2.0033469695	-2.2373823459	-0.0191068131	-1.7920190369999998	-1.0856666271	0.6099747074999999	0.3926761794	0.3275469765
Gene41	0.6652957628	-0.438408366	-0.39428348429999993	-1.9539591134000003	0.9102291612999999	0.42289465800000003	0.2332520218	2.1067011052	2.1067011052	-0.25829766719999997
Gene42	1.0688179497	0.8136876295000001	-1.6653492587999998	1.8800857009	0.2332520218	0.2018386142	0.25113891769999996	-0.5630137708	0.7379728061999999	1.3782112803
Gene43	-1.0390579486	0.1857548513	1.2495170562	-1.4964450207	-0.0901384493	-1.4283086844	0.4954991313	-0.0901384493	-0.10987372440000001	-0.6546869094
Gene44	0.032620852699999994	0.0192925782	-0.9080866494000001	0.1733236781	-0.39428348429999993	0.7993115787	-0.0090673151	0.6782249885	-0.9746356465	-1.4614540651999999
Gene45	0.2839684284	-0.25829766719999997	-0.1880234756	-2.1395942095	-0.2046875433	-0.8943584472999999	0.032620852699999994	0.1067470206	0.27812145819999995	0.3671432884
Gene46	-2.2373823459	-2.3724043462	-0.0450606625	1.037346734	-1.0503944266	-0.39428348429999993	0.4496326389	-0.2046875433	0.1315134471	-1.0177201952000001
Gene47	-0.4751579167	-0.3826839491	0.25113891769999996	-0.28343244520000005	-0.5171945561	0.27812145819999995	-0.0570292672	-0.3826839491	-0.0191068131	-1.1395241934000002
Gene48	0.8399738081999999	-0.8943584472999999	0.8769205416	-0.27107170950000004	0.3152932578	0.7712866347	-0.2178534078	-1.6149099918	0.1067470206	-0.5431039956
Gene49	-0.03459587580000001	0.7993115787	0.0462202808	-0.1786283039	0.3036528041	-0.6239493322	-0.2244735029	-0.9080866494000001	-0.6239493322	-0.8101197374
Gene50	-1.4964450207	-0.8101197374	0.3152932578	0.5450485572999999	0.11677671749999999	-0.0901384493	0.0745532205	0.27812145819999995	-0.7710567054999999	0.4398371968
Gene51	1.037346734	-0.32332196700000004	0.8399738081999999	-1.8920366439999998	-0.0090673151	-1.0856666271	-2.0569260766000004	-1.4614540651999999	-1.7920190369999998	-0.9859806315
Gene52	-0.5757671752	-2.1395942095	0.6099747074999999	-0.03459587580000001	-0.2244735029	1.5340120679	0.3926761794	-1.9539591134000003	0.3435150096	-0.304670655
Gene53	-1.7920190369999998	-1.0503944266	-0.7235754903	-1.4283086844	-0.7235754903	-0.0688080322	-1.3575508017	-0.1254261737	-0.4086456377	0.7712866347
Gene54	1.3493438808	1.0688179497	-0.1786283039	0.7571703981000001	-0.6107316164000001	-0.45343439100000005	-0.304670655	-1.2145393286	1.6036334352000001	0.27062259860000004
Gene55	-0.9344936887999999	-0.8368560337	1.4745171536000001	-2.0569260766000004	-1.4614540651999999	-0.7535085379	-0.6948896468	-0.0010552394000000005	0.2018386142	0.2018386142
Gene56	0.6099747074999999	0.11677671749999999	0.6782249885	-1.4614540651999999	-0.6723925309000001	1.6036334352000001	0.0462202808	-0.48757655499999997	0.3152932578	0.0462202808
Gene57	0.5333286183999999	2.1067011052	-0.304670655	-0.1880234756	0.1857548513	0.1315134471	0.3777357346	0.5050844134999999	-0.0901384493	0.4496326389
Gene58	-0.9080866494000001	0.9311802088000001	-0.5907572029000001	0.47741563440000007	-0.3685417997	0.1067470206	-1.183211055	-0.5270305411	-2.0569260766000004	0.1857548513
Gene59	1.8800857009	1.3782112803	1.2217036278	-1.32877191	-1.7920190369999998	-1.1563337888	-0.8101197374	-1.0177201952000001	-0.32332196700000004	1.4377491734999999
Gene60	0.21874193309999995	1.0195876846999998	-1.3575508017	1.7805638592999997	0.25113891769999996	1.8800857009	-0.9496042548999999	-0.304670655	-1.1563337888	-1.32877191
Gene61	1.0964993025000003	-1.2555128142000003	-0.7413288372	0.0883853566	0.21874193309999995	0.27062259860000004	-0.1786283039	0.8136876295000001	1.8800857009	0.3152932578
Gene62	-0.9496042548999999	1.1261807587	-0.5016380143999999	1.1125642499999997	0.2906908541	0.0883853566	-0.5270305411	-1.0390579486	0.5050844134999999	-2.8666057002
Gene63	0.1546625965	0.4954991313	0.4954991313	-0.8368560337	0.5844302929999999	1.1962187749	1.4377491734999999	-1.4964450207	0.5450485572999999	0.6383010213
Gene64	0.7897896433	0.032620852699999994	0.11677671749999999	-0.2046875433	-0.1399555779	0.9677332158	1.6036334352000001	0.1315134471	0.7712866347	-0.8943584472999999
Gene65	1.0195876846999998	1.1676822436000003	0.42289465800000003	0.7712866347	-1.3575508017	0.8769205416	-1.5557704991999999	0.9605254787999999	0.2906908541	-0.9640388245
Gene66	-0.0901384493	-1.6149099918	0.3671432884	0.11677671749999999	-0.0688080322	0.7132887362	-0.7333163046	0.9311802088000001	-1.5190624614000003	-1.7146887881999997
Gene67	-1.1395241934000002	-0.0010552394000000005	-0.9746356465	0.8769205416	0.0977253362	-0.9496042548999999	-1.0503944266	0.032620852699999994	-0.2046875433	-1.5557704991999999
Gene68	2.842019844	0.1733236781	-0.7535085379	-1.0503944266	0.8620021909	0.3926761794	-0.6546869094	-0.6546869094	-0.27107170950000004	0.5844302929999999
Gene69	0.5985088926000001	0.6099747074999999	-0.27107170950000004	-0.4751579167	0.3275469765	1.0688179497	-1.0709402515	0.1458128743	0.9102291612999999	0.2119005871
Gene70	-0.2178534078	-0.39428348429999993	-0.2937263798	-1.1122148661	-1.9539591134000003	2.4430418931999998	0.11677671749999999	0.6652957628	0.7571703981000001	-1.286091091
Gene71	-1.1563337888	-0.9197020813	1.3020559622999999	0.0745532205	0.9677332158	-0.09812046300000002	0.9311802088000001	-1.32877191	0.11677671749999999	1.2217036278
Gene72	-0.28343244520000005	0.9432581012	0.7379728061999999	0.1546625965	0.7993115787	-0.7939864834000001	-0.5907572029000001	-0.6377202754	0.3671432884	1.3020559622999999
Gene73	-0.5907572029000001	0.9605254787999999	-0.6723925309000001	1.6036334352000001	-0.9080866494000001	-0.304670655	1.1962187749	0.40899799560000005	-0.0090673151	1.5340120679
Gene74	0.1315134471	0.7897896433	-0.8101197374	0.5622361929	-0.23731749210000003	-1.1122148661	-0.0450606625	0.4496326389	0.6099747074999999	2.842019844
Gene75	-0.6107316164000001	0.5739080883000001	0.5622361929	-0.0450606625	2.842019844	0.8399738081999999	-0.0901384493	-0.9859806315	-0.8101197374	0.3583657125
Gene76	-1.183211055	1.2495170562	0.7003052564	0.21874193309999995	1.6036334352000001	0.8136876295000001	1.7805638592999997	-0.7792911929999999	0.2332520218	0.8921379557999998
Gene77	2.4430418931999998	0.5622361929	-0.0090673151	0.7993115787	1.5340120679	-1.0390579486	0.7003052564	0.8769205416	-0.5270305411	0.3036528041
Gene78	0.9432581012	-0.09812046300000002	-0.0901384493	0.7379728061999999	1.037346734	-0.8589609883	0.6652957628	0.7897896433	-1.2555128142000003	-1.0709402515
Gene79	-0.1613539787	0.5050844134999999	-1.1122148661	0.5739080883000001	1.1962187749	0.0977253362	-0.0010552394000000005	-0.8368560337	-1.6653492587999998	0.3926761794
Gene80	1.6385435912	-0.23731749210000003	1.8800857009	1.4377491734999999	0.1458128743	0.3275469765	-0.9197020813	0.5333286183999999	0.7897896433	0.40899799560000005
Gene81	1.6036334352000001	-0.7413288372	0.1315134471	-0.0191068131	-0.2178534078	-0.3685417997	0.1546625965	-0.45343439100000005	-2.2373823459	-1.5190624614000003
Gene82	-0.7939864834000001	0.4496326389	-0.42652070870000003	-0.5630137708	-1.0856666271	-0.0010552394000000005	-0.8368560337	1.1261807587	0.25113891769999996	0.1315134471
Gene83	0.27812145819999995	-1.4964450207	0.0883853566	-0.1254261737	2.3084857996	-0.3573436903	0.3583657125	0.5985088926000001	-0.0688080322	1.6385435912
Gene84	-0.5016380143999999	0.0614810596	-1.4964450207	0.4398371968	1.0195876846999998	-0.0450606625	0.9605254787999999	1.037346734	-0.304670655	-0.3468679732
Gene85	-0.5270305411	-0.7333163046	1.037346734	-0.1613539787	1.2725658486	-0.5907572029000001	-0.9080866494000001	-0.6107316164000001	0.40899799560000005	-0.1786283039
Gene86	0.3583657125	-0.9859806315	-0.28343244520000005	0.8136876295000001	2.2106958456999997	0.1546625965	0.46505782789999994	0.0883853566	-0.1613539787	-1.0856666271
Gene87	-0.4086456377	-0.5757671752	0.5985088926000001	0.3671432884	0.5985088926000001	-0.8368560337	0.7897896433	2.3084857996	1.037346734	0.2906908541
Gene88	0.2332520218	-1.3834158138000001	0.8921379557999998	-0.7710567054999999	0.3926761794	-0.6107316164000001	1.3020559622999999	1.6036334352000001	1.0688179497	0.7003052564
Gene89	-1.2555128142000003	-1.3575508017	0.0192925782	-0.8943584472999999	-0.3826839491	-1.3834158138000001	0.1458128743	0.3152932578	-0.0450606625	1.6902082559
Gene90	-0.8589609883	-0.03459587580000001	-0.4751579167	-0.6948896468	-0.7087745082000001	0.40899799560000005	1.8800857009	0.46505782789999994	0.8769205416	-0.48757655499999997
Gene91	-0.5630137708	0.0977253362	-2.1395942095	-1.2145393286	0.5450485572999999	-0.9344936887999999	-1.1563337888	-1.5557704991999999	-0.0570292672	2.3084857996
Gene92	-0.0090673151	0.7712866347	1.2725658486	0.2332520218	-0.7535085379	0.7379728061999999	-0.9344936887999999	-1.1395241934000002	-0.1254261737	1.2495170562
Gene93	0.0977253362	-1.9539591134000003	1.0964993025000003	-0.9496042548999999	-0.4751579167	-1.286091091	-1.2555128142000003	-2.0569260766000004	0.27062259860000004	0.3777357346
Gene94	-0.7792911929999999	-1.8920366439999998	-0.4086456377	1.6902082559	-0.4086456377	0.3671432884	0.47741563440000007	-2.2373823459	0.0614810596	-0.9746356465
Gene95	1.1261807587	2.3084857996	-1.1395241934000002	0.7003052564	1.0688179497	-0.1880234756	2.1067011052	-2.1395942095	-2.1395942095	-0.8368560337
Gene96	-0.304670655	-0.0090673151	-1.2555128142000003	-2.3724043462	-0.438408366	2.0033469695	0.8136876295000001	0.1546625965	-0.6546869094	1.7805638592999997
Gene97	-0.10987372440000001	0.2119005871	0.3435150096	0.1067470206	-1.4283086844	-0.5171945561	0.5333286183999999	-0.5757671752	1.6385435912	-1.7920190369999998
Gene98	0.7571703981000001	-0.28343244520000005	-0.1517337265	-0.0090673151	-0.9859806315	0.47741563440000007	-0.27107170950000004	-2.3724043462	-1.286091091	0.4954991313
Gene99	0.7379728061999999	0.8399738081999999	-0.5757671752	0.7132887362	1.7805638592999997	-0.9197020813	-0.6107316164000001	-1.4283086844	0.3275469765	1.8800857009
Gene100	1.1962187749	-0.0688080322	1.0688179497	0.0192925782	-2.8666057002	-0.7235754903	0.9432581012	0.2839684284	-0.2244735029	-0.45343439100000005
Gene101	-0.1880234756	-1.1395241934000002	0.2332520218	-0.2937263798	0.0462202808	0.2332520218	0.7993115787	-1.7920190369999998	-0.42652070870000003	-2.3724043462
Gene102	-0.23731749210000003	0.3583657125	-0.5104647237	-0.5016380143999999	0.7571703981000001	-0.5104647237	0.0977253362	2.0033469695	0.46505782789999994	-0.5171945561
Gene103	-0.8368560337	-0.4751579167	-1.0503944266	-0.7413288372	-2.2373823459	0.3152932578	0.6782249885	0.3583657125	0.2839684284	1.0964993025000003
Gene104	0.8136876295000001	0.7132887362	1.6036334352000001	1.0688179497	0.3583657125	0.8921379557999998	-0.3685417997	-0.09812046300000002	0.4398371968	0.6218068479999999
Gene105	0.0883853566	0.1546625965	-1.0177201952000001	0.3926761794	0.42289465800000003	-0.25829766719999997	1.0688179497	-0.5016380143999999	-1.32877191	-2.2373823459
Gene106	-0.5104647237	-0.42652070870000003	-2.2373823459	-1.2555128142000003	-0.3573436903	2.3084857996	0.5450485572999999	0.3671432884	0.3036528041	0.0883853566
Gene107	-1.2145393286	-0.48757655499999997	0.4398371968	0.2119005871	0.5050844134999999	0.6782249885	0.6383010213	0.2906908541	1.4002955649	0.1546625965
Gene108	0.6218068479999999	0.5985088926000001	0.3583657125	-0.5104647237	1.6385435912	0.4398371968	-0.7792911929999999	-0.3685417997	-1.0856666271	0.9432581012
Gene109	0.0462202808	-0.9080866494000001	-0.7939864834000001	1.2495170562	1.4377491734999999	-1.2555128142000003	1.6902082559	-0.1399555779	-2.3724043462	0.2332520218
Gene110	1.4377491734999999	0.5844302929999999	0.1857548513	0.3036528041	-0.32332196700000004	-0.7792911929999999	2.4430418931999998	-0.9640388245	-0.7939864834000001	-0.5907572029000001
Gene111	0.3435150096	0.0883853566	0.7993115787	-1.6149099918	-2.1395942095	1.7805638592999997	-0.9859806315	0.5844302929999999	1.2725658486	0.11677671749999999
Gene112	0.0614810596	-0.5104647237	-1.0856666271	-0.7939864834000001	-0.6239493322	1.2217036278	0.7571703981000001	1.6385435912	-0.3685417997	-0.7087745082000001
Gene113	-0.09812046300000002	0.5333286183999999	0.2119005871	2.0033469695	0.4496326389	-0.0191068131	0.2906908541	0.7571703981000001	-0.7413288372	1.6036334352000001
Gene114	-2.3724043462	-0.0901384493	1.5340120679	-1.183211055	-0.8101197374	-1.5190624614000003	1.2725658486	-0.5907572029000001	0.8399738081999999	-0.0450606625
Gene115	0.2906908541	0.8769205416	-0.3826839491	-1.0390579486	-0.03459587580000001	0.2906908541	0.0614810596	1.6902082559	-1.7146887881999997	1.0688179497
Gene116	0.3275469765	-0.2244735029	-1.7920190369999998	-0.23731749210000003	-1.1395241934000002	2.2106958456999997	-1.3133808817000001	-1.0709402515	-0.6107316164000001	-0.0191068131
Gene117	-1.32877191	-1.0856666271	-0.9640388245	0.5333286183999999	-1.3834158138000001	-1.3133808817000001	2.3084857996	0.8921379557999998	0.9432581012	-0.23731749210000003
Gene118	0.7132887362	0.21874193309999995	-1.286091091	1.6385435912	1.1676822436000003	1.3782112803	0.2018386142	-0.438408366	-1.1122148661	-0.5016380143999999
Gene119	-0.45343439100000005	-2.2373823459	-1.7146887881999997	0.0614810596	-0.8815657340999999	-1.4964450207	0.5622361929	0.9102291612999999	0.47741563440000007	-0.9344936887999999
Gene120	-2.0569260766000004	-0.6107316164000001	2.842019844	-1.3133808817000001	-0.3468679732	0.4954991313	0.8769205416	-1.6653492587999998	-0.03459587580000001	1.4002955649
Gene121	-0.438408366	-1.7146887881999997	-1.2145393286	-0.5270305411	-1.3133808817000001	0.7003052564	0.7712866347	-0.2178534078	1.2217036278	1.3493438808
Gene122	-0.6239493322	2.2106958456999997	0.6383010213	-0.6107316164000001	0.5739080883000001	0.9875496612000001	-1.286091091	-1.286091091	-0.5757671752	-0.27107170950000004
Gene123	-0.8101197374	-1.1122148661	-0.6948896468	0.0977253362	2.0033469695	-0.4751579167	-1.8920366439999998	0.11677671749999999	2.0033469695	-1.183211055
Gene124	0.25113891769999996	1.6036334352000001	0.7571703981000001	1.4745171536000001	1.2217036278	-0.5630137708	0.1067470206	0.9875496612000001	0.9677332158	-1.3133808817000001
Gene125	-0.2046875433	-0.7939864834000001	1.0195876846999998	-1.5557704991999999	-1.7146887881999997	0.5050844134999999	-0.42652070870000003	0.9432581012	-1.4283086844	-2.0569260766000004
Gene126	-1.6149099918	0.3777357346	-0.0570292672	0.032620852699999994	-1.6149099918	-0.5270305411	0.2839684284	-0.8815657340999999	-0.9344936887999999	0.7132887362
Gene127	-1.286091091	0.7571703981000001	0.8136876295000001	1.0964993025000003	0.8136876295000001	-1.0503944266	1.0195876846999998	0.2018386142	-0.8589609883	0.9677332158
Gene128	0.4398371968	-0.9344936887999999	-0.5431039956	0.1458128743	0.1733236781	0.3435150096	-0.3826839491	1.4002955649	-0.45343439100000005	2.2106958456999997
Gene129	0.40899799560000005	1.2217036278	0.9605254787999999	0.3777357346	0.7132887362	-2.3724043462	0.9677332158	-1.0856666271	1.0964993025000003	-0.9496042548999999
Gene130	0.9875496612000001	-2.8666057002	1.4002955649	1.3020559622999999	-0.8368560337	0.4496326389	-0.1613539787	-0.1613539787	-0.9080866494000001	-1.9539591134000003
Gene131	0.9677332158	-1.4283086844	1.3493438808	2.3084857996	-1.1563337888	1.6902082559	-0.9746356465	2.842019844	1.0195876846999998	-0.3573436903
Gene132	-0.9746356465	0.3435150096	-0.7087745082000001	2.4430418931999998	-1.8920366439999998	-0.23731749210000003	0.8921379557999998	1.8800857009	0.2119005871	0.9311802088000001
Gene133	-1.5190624614000003	-0.7710567054999999	-1.183211055	0.9311802088000001	-1.0390579486	-0.9746356465	0.3036528041	1.4745171536000001	-1.3575508017	-1.2555128142000003
Gene134	0.3152932578	-0.5431039956	1.7805638592999997	-0.5757671752	0.6782249885	0.5844302929999999	0.6218068479999999	-0.7535085379	-0.23731749210000003	-0.1254261737
Gene135	-0.8943584472999999	0.27812145819999995	-0.9197020813	2.2106958456999997	-0.25829766719999997	-0.7333163046	1.037346734	0.3036528041	0.1857548513	-1.3834158138000001
Gene136	0.5050844134999999	0.27062259860000004	-1.4283086844	-1.3575508017	-0.5757671752	1.037346734	1.1125642499999997	0.2332520218	1.3493438808	1.4745171536000001
Gene137	-0.1786283039	-0.0570292672	-0.32332196700000004	-0.2244735029	-1.183211055	0.1857548513	-0.1517337265	0.0745532205	-0.5171945561	0.0614810596
Gene138	-1.5557704991999999	-0.6239493322	0.2839684284	0.27062259860000004	-0.09812046300000002	-0.7087745082000001	1.2217036278	-1.7146887881999997	1.4745171536000001	-0.7792911929999999
Gene139	0.7993115787	0.7379728061999999	2.4430418931999998	-0.5431039956	0.032620852699999994	-0.32332196700000004	-0.5630137708	-0.5431039956	0.0977253362	-0.7939864834000001
Gene140	-0.25829766719999997	1.4377491734999999	0.9102291612999999	1.3493438808	0.8769205416	-0.28343244520000005	-1.4614540651999999	0.9677332158	0.1458128743	-0.7535085379
Gene141	1.6902082559	-0.9746356465	0.3036528041	0.4954991313	-0.7413288372	-0.8815657340999999	-1.6653492587999998	1.3020559622999999	-1.6149099918	0.2839684284
Gene142	0.7003052564	0.47741563440000007	-1.9539591134000003	1.4002955649	-0.2937263798	-1.183211055	0.9875496612000001	0.2119005871	-0.6723925309000001	-0.2046875433
Gene143	-0.9640388245	-0.1786283039	0.46505782789999994	-0.438408366	-0.5270305411	2.1067011052	-1.3834158138000001	-0.32332196700000004	-0.7087745082000001	0.8620021909
Gene144	1.2217036278	-0.5907572029000001	-2.8666057002	0.3435150096	0.3435150096	-1.9539591134000003	-2.1395942095	0.0192925782	1.3020559622999999	-0.6107316164000001
Gene145	-0.6723925309000001	-0.7792911929999999	-0.6107316164000001	-0.3826839491	0.6099747074999999	-0.5016380143999999	-0.7535085379	-1.8920366439999998	-0.48757655499999997	-0.6239493322
Gene146	0.2119005871	1.1125642499999997	-0.6239493322	-0.0901384493	-1.2555128142000003	-0.1517337265	0.3435150096	0.3435150096	0.0192925782	-0.4086456377
Gene147	0.3036528041	0.1067470206	-0.09812046300000002	-0.3685417997	0.27062259860000004	1.1261807587	-0.6239493322	1.2725658486	0.1733236781	1.1676822436000003
Gene148	0.8769205416	1.1962187749	-0.0688080322	0.1857548513	0.3671432884	-0.438408366	-0.1254261737	0.3275469765	0.6383010213	0.8399738081999999
Gene149	2.2106958456999997	1.0964993025000003	0.0614810596	-1.5190624614000003	0.5333286183999999	0.6383010213	-0.2046875433	0.0977253362	0.4954991313	0.0192925782
Gene150	-0.39428348429999993	1.4745171536000001	0.9875496612000001	0.27812145819999995	1.2495170562	-0.3826839491	0.2119005871	1.3493438808	-0.8815657340999999	-0.1880234756
Gene151	0.9311802088000001	-1.0709402515	-0.5171945561	1.1962187749	0.9311802088000001	-0.9859806315	-0.7235754903	-0.0688080322	0.7003052564	-0.0901384493
Gene152	2.3084857996	0.3926761794	0.27062259860000004	0.9102291612999999	-1.4964450207	-0.2937263798	-1.1122148661	1.1676822436000003	-1.8920366439999998	0.5985088926000001
Gene153	1.4745171536000001	-1.4614540651999999	-0.3468679732	-0.3468679732	0.4954991313	0.7571703981000001	0.1857548513	-0.9344936887999999	-0.4751579167	2.1067011052
Gene154	-2.1395942095	-2.0569260766000004	0.7132887362	-0.9859806315	-0.7710567054999999	0.0614810596	0.27812145819999995	-0.1786283039	-0.39428348429999993	-1.6653492587999998
Gene155	0.3777357346	-1.0390579486	0.21874193309999995	-0.0688080322	-0.8589609883	-1.8920366439999998	-2.8666057002	0.7379728061999999	-0.1880234756	0.7993115787
Gene156	-1.3133808817000001	-1.7920190369999998	-1.1563337888	-1.1563337888	-0.1613539787	1.0195876846999998	-0.2937263798	-0.4086456377	0.5844302929999999	-0.0570292672
Gene157	-0.1399555779	1.3493438808	0.5333286183999999	1.0195876846999998	-0.1254261737	0.5739080883000001	-1.32877191	1.2495170562	-0.9640388245	-0.39428348429999993
Gene158	-1.8920366439999998	-0.7535085379	-0.6377202754	-0.1399555779	0.6652957628	0.3583657125	-1.9539591134000003	-1.183211055	-0.0010552394000000005	-0.2178534078
Gene159	0.42289465800000003	0.6218068479999999	0.6218068479999999	-0.8589609883	0.5622361929	-2.8666057002	-2.2373823459	1.3782112803	-0.5431039956	-1.0390579486
Gene160	-0.7333163046	0.25113891769999996	-0.5630137708	1.5340120679	0.1315134471	2.842019844	-1.6149099918	-0.9496042548999999	0.9311802088000001	0.6099747074999999
Gene161	-0.48757655499999997	-0.0191068131	-0.8943584472999999	-1.7920190369999998	0.1546625965	-0.1254261737	0.27062259860000004	0.5739080883000001	-2.8666057002	-0.32332196700000004
Gene162	0.5844302929999999	-0.0450606625	0.3926761794	0.6099747074999999	-0.10987372440000001	0.6099747074999999	1.3493438808	0.1733236781	-0.9197020813	0.0977253362
Gene163	0.4954991313	-0.4086456377	-0.1254261737	-1.7146887881999997	0.9605254787999999	1.2495170562	0.0192925782	0.7993115787	0.0462202808	0.47741563440000007
Gene164	1.2495170562	1.6902082559	-1.3133808817000001	-0.7087745082000001	-0.28343244520000005	0.2119005871	-0.23731749210000003	-0.8943584472999999	0.0745532205	-1.4964450207
Gene165	-0.7235754903	-0.6546869094	2.3084857996	-1.3834158138000001	0.0614810596	0.9605254787999999	-1.5190624614000003	0.3777357346	-0.25829766719999997	1.0195876846999998
Gene166	0.9102291612999999	-0.2046875433	0.40899799560000005	-0.9080866494000001	-0.9746356465	1.4745171536000001	-0.5016380143999999	0.7712866347	0.4496326389	-1.2145393286
Gene167	0.8921379557999998	0.8620021909	-1.8920366439999998	-0.7535085379	-0.7792911929999999	-0.5431039956	-0.48757655499999997	0.42289465800000003	-0.7333163046	-0.7710567054999999
Gene168	1.2725658486	0.2018386142	1.4377491734999999	-1.1395241934000002	-1.5190624614000003	-1.7146887881999997	2.0033469695	-0.28343244520000005	-0.5016380143999999	-0.5630137708
Gene169	-0.7535085379	0.46505782789999994	0.47741563440000007	0.42289465800000003	0.8921379557999998	-0.7710567054999999	-0.5431039956	0.5622361929	0.42289465800000003	1.1261807587
Gene170	-1.4283086844	-1.1563337888	-1.5557704991999999	0.3583657125	0.0883853566	0.5985088926000001	-2.3724043462	-0.0570292672	0.6218068479999999	0.7897896433
Gene171	-2.8666057002	-0.5171945561	0.5050844134999999	0.25113891769999996	1.8800857009	1.0964993025000003	-0.5757671752	0.6218068479999999	-0.09812046300000002	0.25113891769999996
Gene172	0.46505782789999994	0.6383010213	-0.8589609883	0.9677332158	-0.48757655499999997	1.6385435912	0.3152932578	-0.0191068131	-0.1786283039	0.7571703981000001
Gene173	-1.6653492587999998	-0.45343439100000005	-0.3573436903	0.8399738081999999	-1.2145393286	0.6218068479999999	-0.1399555779	1.5340120679	1.6902082559	-0.0010552394000000005
Gene174	0.1458128743	0.7003052564	-1.6149099918	-0.5907572029000001	-0.5630137708	0.9102291612999999	-0.7087745082000001	0.0462202808	-0.7235754903	-0.5270305411
Gene175	1.1676822436000003	-1.0177201952000001	-0.8368560337	1.1676822436000003	-0.8943584472999999	-0.6377202754	-0.3573436903	-0.7087745082000001	-1.2145393286	0.5333286183999999
Gene176	-0.9197020813	-0.10987372440000001	2.1067011052	0.6383010213	0.27812145819999995	0.032620852699999994	1.4002955649	-1.0503944266	-0.6948896468	-0.1399555779
Gene177	-0.2937263798	0.3036528041	1.1676822436000003	-0.1517337265	-0.5016380143999999	-1.3575508017	-1.4964450207	-0.0090673151	-0.5630137708	-0.28343244520000005
Gene178	-0.2244735029	0.9875496612000001	0.5844302929999999	0.5985088926000001	0.7379728061999999	-0.2046875433	0.3275469765	-0.23731749210000003	0.6782249885	0.0745532205
Gene179	0.3671432884	-0.27107170950000004	-0.9859806315	0.46505782789999994	0.0192925782	-1.2145393286	-1.0177201952000001	-0.5171945561	-0.7535085379	0.7379728061999999
Gene180	1.3782112803	0.3275469765	0.5450485572999999	0.8620021909	1.3020559622999999	0.7897896433	0.9102291612999999	-0.39428348429999993	-1.3834158138000001	-0.09812046300000002
Gene181	-0.3573436903	0.6652957628	-1.5190624614000003	-1.6653492587999998	-0.42652070870000003	-2.2373823459	-0.8815657340999999	-0.3468679732	-0.7792911929999999	-1.3575508017
Gene182	0.4496326389	1.037346734	0.1546625965	0.9875496612000001	0.9875496612000001	-1.4614540651999999	1.4745171536000001	1.7805638592999997	-1.5557704991999999	-1.6149099918
Gene183	-0.0191068131	-0.1254261737	-1.0390579486	0.5844302929999999	-2.3724043462	0.5333286183999999	-1.4283086844	0.21874193309999995	0.5985088926000001	-0.1613539787
Gene184	0.5622361929	-1.2145393286	0.3275469765	-0.0010552394000000005	1.3493438808	-0.6723925309000001	0.5985088926000001	0.6383010213	1.3782112803	1.1125642499999997
Gene185	2.1067011052	1.4002955649	-0.2046875433	0.5050844134999999	-0.6546869094	-0.1399555779	1.6385435912	-0.42652070870000003	-0.2937263798	-1.4283086844
Gene186	0.5450485572999999	-0.1517337265	-0.45343439100000005	-0.7333163046	-0.7939864834000001	1.1125642499999997	-0.6377202754	1.1962187749	0.8921379557999998	-0.5104647237
Gene187	1.7805638592999997	0.9677332158	-0.7792911929999999	-0.9197020813	-0.45343439100000005	-0.1613539787	-1.2145393286	-1.3834158138000001	0.5739080883000001	-0.0688080322
Gene188	0.0192925782	0.2839684284	0.0977253362	1.2725658486	-1.0709402515	0.0745532205	1.1261807587	-0.4751579167	-1.0390579486	-0.03459587580000001
Gene189	-0.7087745082000001	0.0745532205	0.5739080883000001	0.9605254787999999	-1.5557704991999999	0.0192925782	-0.45343439100000005	-0.9197020813	0.5622361929	-1.8920366439999998
Gene190	1.4002955649	1.2725658486	-0.3685417997	0.2906908541	1.0964993025000003	-0.10987372440000001	-0.5104647237	-0.6723925309000001	-1.1395241934000002	-0.6377202754
Gene191	0.1067470206	-1.6653492587999998	-0.23731749210000003	-0.39428348429999993	-0.9640388245	0.46505782789999994	1.0964993025000003	-1.1563337888	1.4377491734999999	0.1733236781
Gene192	-1.7146887881999997	-0.8815657340999999	-1.32877191	2.1067011052	-0.27107170950000004	1.2725658486	-1.7920190369999998	-0.1880234756	0.7993115787	-0.4751579167
Gene193	-0.6948896468	1.5340120679	2.2106958456999997	-0.0570292672	-0.5907572029000001	0.6652957628	0.40899799560000005	-0.7710567054999999	0.032620852699999994	-0.6948896468
Gene194	0.47741563440000007	-1.286091091	0.1733236781	-0.42652070870000003	-0.6377202754	-0.1786283039	-0.09812046300000002	2.2106958456999997	0.0883853566	-0.42652070870000003
Gene195	1.3020559622999999	-0.8589609883	-0.2178534078	1.2217036278	-1.32877191	-1.5557704991999999	0.7132887362	1.4377491734999999	-0.5907572029000001	0.8769205416
Gene196	0.3926761794	0.40899799560000005	-2.0569260766000004	-1.0709402515	1.4002955649	-2.0569260766000004	2.842019844	-0.7939864834000001	1.1261807587	1.037346734
Gene197	0.6782249885	0.42289465800000003	-0.03459587580000001	0.9432581012	1.4745171536000001	-0.2244735029	-0.10987372440000001	-0.27107170950000004	-1.0503944266	-0.0090673151
Gene198	-0.6377202754	-0.5270305411	0.2018386142	-0.9640388245	-0.5431039956	1.1676822436000003	-1.0390579486	-2.8666057002	-0.9859806315	-2.1395942095
Gene199	1.1125642499999997	1.6385435912	-0.0191068131	-0.9746356465	1.3782112803	0.5450485572999999	0.8399738081999999	0.7003052564	-0.28343244520000005	-0.3826839491
Gene200	-0.7413288372	0.2332520218	0.3777357346	0.6218068479999999	-0.304670655	-0.3468679732	0.5050844134999999	2.4430418931999998	1.1125642499999997	-0.9197020813
